,EE_Score,CY_Score,AE_Score,Burnout_Score
0,6.0,4.5,0.0,3.75
1,3.0,3.0,3.0,3.0
2,6.0,1.5,1.166666666666667,3.2000000000000006
3,6.0,6.0,2.0,4.8
4,6.0,2.25,1.333333333333333,3.475
5,6.0,0.5,2.5,3.3000000000000003
6,6.0,6.0,0.0,4.2
7,6.0,0.0,2.8333333333333335,3.2500000000000004
8,5.8,1.5,3.5,3.8199999999999994
9,5.8,0.75,1.5,2.995
10,5.8,0.25,3.3333333333333335,3.395
11,5.8,6.0,0.0,4.119999999999999
12,0.0,0.0,6.0,1.7999999999999998
13,1.0,1.0,5.0,2.2
14,2.0,2.0,4.0,2.5999999999999996
15,3.0,3.0,3.0,3.0
16,4.0,3.0,3.0,3.4
17,4.0,1.0,2.0,2.5
18,5.0,0.5,1.5,2.5999999999999996
19,5.0,0.75,1.0,2.525
20,6.0,1.25,0.0,2.7750000000000004
21,6.0,3.0,0.0,3.3000000000000003
22,6.0,0.5,3.3333333333333335,3.5500000000000003
23,5.6,5.0,4.5,5.09
24,5.6,0.75,2.5,3.215
25,6.0,1.5,1.5,3.3000000000000007
26,5.4,6.0,0.0,3.96
27,6.0,6.0,0.0,4.2
28,6.0,0.0,3.0,3.3000000000000003
29,5.8,0.5,1.333333333333333,2.8699999999999997
30,6.0,0.0,0.0,2.4000000000000004
31,6.0,0.25,3.0,3.3750000000000004
32,6.0,0.25,1.5,2.9250000000000007
33,5.8,6.0,0.0,4.119999999999999
34,6.0,6.0,0.0,4.2
35,6.0,6.0,0.0,4.2
36,6.0,0.0,1.333333333333333,2.8000000000000003
37,5.6,1.5,2.5,3.4399999999999995
38,0.0,0.0,6.0,1.7999999999999998
39,1.0,1.0,5.0,2.2
40,2.0,2.0,4.0,2.5999999999999996
41,3.0,3.0,3.0,3.0
42,4.0,4.0,2.0,3.4
43,5.0,5.0,1.0,3.8
44,6.0,6.0,0.0,4.2
45,6.0,4.5,0.5,3.9
46,5.8,1.5,1.666666666666667,3.2699999999999996
47,6.0,1.5,1.0,3.1500000000000004
48,6.0,3.25,2.5,4.125
49,5.8,1.5,1.0,3.0699999999999994
50,6.0,0.0,3.0,3.3000000000000003
51,5.0,1.0,1.0,2.5999999999999996
52,6.0,0.0,0.0,2.4000000000000004
53,5.0,1.0,1.0,2.5999999999999996
54,4.0,2.0,2.0,2.8000000000000003
55,3.0,3.0,3.0,3.0
56,6.0,6.0,0.0,4.2
57,6.0,6.0,4.5,5.55
58,5.4,1.5,0.5,2.7600000000000002
59,6.0,6.0,1.166666666666667,4.550000000000001
60,6.0,5.0,0.0,3.9000000000000004
61,3.0,4.0,3.0,3.3000000000000003
62,4.0,2.0,2.0,2.8000000000000003
63,6.0,2.0,2.0,3.6000000000000005
64,4.0,0.25,0.0,1.675
65,6.0,6.0,0.0,4.2
66,5.0,5.0,1.0,3.8
67,4.0,4.0,2.0,3.4
68,3.0,3.0,3.0,3.0
69,2.0,2.0,4.0,2.5999999999999996
70,6.0,6.0,0.0,4.2
71,5.0,5.0,1.0,3.8
72,4.0,4.0,2.0,3.4
73,3.0,3.0,3.0,3.0
74,3.0,3.0,3.0,3.0
75,2.0,2.0,4.0,2.5999999999999996
76,1.0,1.0,5.0,2.2
77,0.0,0.0,6.0,1.7999999999999998
78,6.0,3.0,0.0,3.3000000000000003
79,6.0,5.25,3.8333333333333335,5.125
80,6.0,6.0,0.0,4.2
81,6.0,5.0,1.0,4.2
82,6.0,4.0,1.166666666666667,3.9500000000000006
83,6.0,6.0,1.0,4.5
84,6.0,3.0,0.0,3.3000000000000003
85,6.0,2.0,1.5,3.45
86,6.0,2.0,1.0,3.3000000000000003
87,6.0,2.0,1.5,3.45
88,5.6,0.0,1.333333333333333,2.6399999999999997
89,0.0,0.0,6.0,1.7999999999999998
90,1.0,1.0,5.0,2.2
91,2.0,2.0,4.0,2.5999999999999996
92,3.0,3.0,3.0,3.0
93,3.0,3.0,3.0,3.0
94,4.0,4.0,2.0,3.4
95,5.0,5.0,1.0,3.8
96,6.0,6.0,0.0,4.2
97,6.0,4.5,1.166666666666667,4.1
98,6.0,4.5,1.166666666666667,4.1
99,6.0,6.0,0.0,4.2
100,6.0,6.0,0.33333333333333304,4.3
101,6.0,6.0,0.0,4.2
102,6.0,3.0,0.0,3.3000000000000003
103,5.0,2.0,1.0,2.9
104,4.0,1.0,2.0,2.5
105,6.0,1.0,0.0,2.7
106,6.0,0.0,0.0,2.4000000000000004
107,6.0,3.0,0.0,3.3000000000000003
108,5.0,2.0,0.0,2.6
109,5.2,2.0,0.33333333333333304,2.7800000000000002
110,5.0,1.5,1.5,2.9000000000000004
111,4.8,1.5,1.166666666666667,2.72
112,5.4,1.5,1.166666666666667,2.9600000000000004
113,5.6,1.5,2.0,3.2899999999999996
114,6.0,1.5,1.0,3.1500000000000004
115,5.6,1.5,2.5,3.4399999999999995
116,6.0,1.5,2.5,3.6000000000000005
117,5.6,1.5,1.0,2.9899999999999993
118,5.6,1.5,1.166666666666667,3.0399999999999996
119,5.6,1.5,0.5,2.8399999999999994
120,6.0,1.5,0.0,2.8500000000000005
121,5.6,1.5,2.5,3.4399999999999995
122,6.0,0.5,0.33333333333333304,2.6500000000000004
123,6.0,6.0,0.33333333333333304,4.3
124,6.0,1.5,0.33333333333333304,2.9500000000000006
125,5.6,1.5,0.0,2.6899999999999995
126,6.0,1.5,1.0,3.1500000000000004
127,6.0,6.0,1.0,4.5
128,6.0,4.5,0.0,3.75
129,6.0,3.0,0.0,3.3000000000000003
130,5.4,0.75,0.0,2.3850000000000002
131,3.0,3.0,3.0,3.0
132,6.0,2.75,3.0,4.125
133,6.0,1.5,1.166666666666667,3.2000000000000006
134,6.0,1.5,1.666666666666667,3.3500000000000005
135,5.0,1.5,1.0,2.75
136,5.6,0.5,2.0,2.9899999999999998
137,5.6,1.5,1.666666666666667,3.1899999999999995
138,5.6,1.5,1.5,3.1399999999999997
139,4.8,1.5,2.0,2.97
140,6.0,1.5,4.0,4.050000000000001
141,5.2,1.75,3.0,3.505
142,6.0,6.0,0.0,4.2
143,6.0,6.0,0.0,4.2
144,5.0,5.0,1.0,3.8
145,4.0,4.0,2.0,3.4
146,3.0,3.0,3.0,3.0
147,2.0,2.0,4.0,2.5999999999999996
148,1.0,1.0,5.0,2.2
149,4.8,1.5,1.333333333333333,2.77
150,6.0,1.5,2.5,3.6000000000000005
151,6.0,6.0,0.0,4.2
152,5.0,1.5,1.0,2.75
153,5.6,1.5,0.5,2.8399999999999994
154,6.0,1.5,2.5,3.6000000000000005
155,6.0,6.0,1.5,4.65
156,5.4,1.5,2.5,3.3600000000000003
157,6.0,1.5,6.0,4.65
158,5.6,0.5,4.5,3.7399999999999993
159,6.0,1.5,1.166666666666667,3.2000000000000006
160,5.6,1.5,2.5,3.4399999999999995
161,5.2,1.5,0.0,2.5300000000000002
162,0.0,0.0,6.0,1.7999999999999998
163,1.0,1.0,5.0,2.2
164,2.0,2.0,4.0,2.5999999999999996
165,3.0,3.0,3.0,3.0
166,4.0,3.0,2.0,3.1
167,4.0,4.0,2.0,3.4
168,5.0,5.0,1.0,3.8
169,6.0,6.0,0.0,4.2
170,6.0,6.0,0.0,4.2
171,6.0,1.75,1.666666666666667,3.4250000000000003
172,6.0,2.0,3.0,3.9000000000000004
173,5.0,2.0,1.0,2.9
174,5.0,1.0,1.0,2.5999999999999996
175,4.0,2.0,2.0,2.8000000000000003
176,3.0,3.0,3.0,3.0
177,4.0,4.0,2.0,3.4
178,4.0,4.0,2.0,3.4
179,5.0,5.0,1.0,3.8
180,6.0,6.0,0.0,4.2
181,6.0,3.0,0.0,3.3000000000000003
182,5.0,1.0,1.0,2.5999999999999996
183,4.0,2.0,2.0,2.8000000000000003
184,3.0,3.0,3.0,3.0
185,6.0,0.0,3.0,3.3000000000000003
186,5.0,1.0,1.0,2.5999999999999996
187,4.0,2.0,2.0,2.8000000000000003
188,3.0,3.0,3.0,3.0
189,6.0,0.0,0.0,2.4000000000000004
190,5.0,1.0,2.0,2.9
191,5.6,0.5,1.5,2.84
192,4.8,1.5,2.5,3.12
193,3.2,1.5,2.5,2.4800000000000004
194,4.4,1.5,4.0,3.41
195,5.6,1.5,0.5,2.8399999999999994
196,5.0,5.0,1.0,3.8
197,4.0,1.0,2.0,2.5
198,4.0,4.0,2.0,3.4
199,3.0,3.0,3.0,3.0
200,3.0,3.0,3.0,3.0
201,2.0,2.0,4.0,2.5999999999999996
202,1.0,1.0,4.0,1.9
203,4.8,0.75,2.5,2.895
204,4.8,1.5,2.3333333333333335,3.0700000000000003
205,4.8,1.5,2.5,3.12
206,4.6,1.5,0.33333333333333304,2.39
207,6.0,6.0,0.5,4.3500000000000005
208,5.0,1.0,0.0,2.3
209,6.0,0.0,1.0,2.7
210,4.0,2.0,3.0,3.1
211,4.8,1.5,4.166666666666667,3.62
212,4.8,1.5,2.1666666666666665,3.02
213,4.6,1.5,1.833333333333333,2.84
214,5.8,5.25,0.833333333333333,4.145
215,0.0,0.0,5.0,1.5
216,1.0,1.0,5.0,2.2
217,2.0,2.0,4.0,2.5999999999999996
218,3.0,3.0,3.0,3.0
219,4.0,4.0,2.0,3.4
220,5.0,5.0,1.0,3.8
221,6.0,6.0,0.0,4.2
222,4.4,6.0,0.0,3.56
223,6.0,3.0,0.0,3.3000000000000003
224,6.0,6.0,0.0,4.2
225,6.0,6.0,0.0,4.2
226,5.0,5.0,1.0,3.8
227,4.0,4.0,2.0,3.4
228,3.0,3.0,3.0,3.0
229,2.0,2.0,4.0,2.5999999999999996
230,5.0,1.0,1.0,2.5999999999999996
231,4.0,2.0,2.0,2.8000000000000003
232,5.0,1.5,0.33333333333333304,2.5500000000000003
233,5.8,1.5,1.5,3.2199999999999998
234,5.6,1.5,0.33333333333333304,2.7899999999999996
235,5.6,1.5,0.33333333333333304,2.7899999999999996
236,6.0,1.5,1.0,3.1500000000000004
237,5.0,1.5,0.666666666666667,2.6500000000000004
238,6.0,2.5,0.666666666666667,3.3500000000000005
239,6.0,1.0,0.0,2.7
240,5.0,0.0,1.0,2.3
241,4.0,2.0,2.0,2.8000000000000003
242,3.0,3.0,3.0,3.0
243,4.8,1.5,1.166666666666667,2.72
244,6.0,0.0,0.0,2.4000000000000004
245,5.0,1.0,1.0,2.5999999999999996
246,4.0,1.5,2.0,2.65
247,6.0,6.0,0.0,4.2
248,6.0,3.0,0.0,3.3000000000000003
249,5.6,1.5,0.5,2.8399999999999994
250,6.0,6.0,0.0,4.2
251,5.0,3.0,1.0,3.1999999999999997
252,4.8,1.25,2.0,2.895
253,6.0,6.0,0.0,4.2
254,5.0,5.0,1.0,3.8
255,4.0,4.0,2.0,3.4
256,3.0,1.5,3.1666666666666665,2.6
257,4.8,1.5,1.5,2.8200000000000003
258,6.0,6.0,3.0,5.1
259,3.0,1.25,3.0,2.475
260,5.8,1.5,1.333333333333333,3.1699999999999995
261,4.8,1.5,1.0,2.67
262,6.0,3.0,0.0,3.3000000000000003
263,5.2,1.5,2.0,3.1300000000000003
264,5.6,1.5,1.0,2.9899999999999993
265,4.2,1.5,0.833333333333333,2.38
266,6.0,1.5,1.0,3.1500000000000004
267,3.0,1.5,3.0,2.55
268,6.0,1.5,0.0,2.8500000000000005
269,5.0,1.5,1.0,2.75
270,6.0,5.0,1.0,4.2
271,5.4,1.5,3.0,3.5100000000000002
272,4.8,0.5,0.5,2.2199999999999998
273,5.6,5.5,0.5,4.04
274,6.0,5.5,0.16666666666666696,4.1000000000000005
275,6.0,6.0,0.0,4.2
276,6.0,3.0,0.5,3.45
277,6.0,3.75,0.0,3.5250000000000004
278,6.0,2.5,1.0,3.45
279,5.4,2.25,1.5,3.285
280,5.8,2.5,1.5,3.5199999999999996
281,6.0,1.5,1.166666666666667,3.2000000000000006
282,4.8,1.5,1.5,2.8200000000000003
283,5.6,1.5,1.333333333333333,3.0899999999999994
284,4.4,1.5,0.5,2.36
285,5.6,2.0,0.5,2.9899999999999998
286,5.6,1.5,0.666666666666667,2.8899999999999997
287,4.6,1.5,1.5,2.74
288,5.6,1.5,0.833333333333333,2.9399999999999995
289,5.4,1.5,1.5,3.0600000000000005
290,5.6,1.5,1.0,2.9899999999999993
291,4.8,1.5,1.5,2.8200000000000003
292,5.6,1.5,0.5,2.8399999999999994
293,4.8,1.25,1.5,2.745
294,5.2,1.5,1.0,2.83
295,4.4,1.5,1.5,2.66
296,4.4,1.5,1.5,2.66
297,5.0,1.5,1.5,2.9000000000000004
298,5.6,1.5,0.5,2.8399999999999994
299,6.0,1.5,0.0,2.8500000000000005
300,5.6,1.5,1.0,2.9899999999999993
301,5.6,1.5,1.5,3.1399999999999997
302,5.6,1.5,1.5,3.1399999999999997
303,5.6,1.25,2.5,3.3649999999999998
304,5.8,1.5,1.833333333333333,3.3199999999999994
305,5.8,1.25,1.333333333333333,3.0949999999999998
306,6.0,1.75,2.5,3.6750000000000003
307,5.6,1.5,1.166666666666667,3.0399999999999996
308,6.0,1.5,1.666666666666667,3.3500000000000005
309,6.0,5.0,0.0,3.9000000000000004
310,5.4,1.5,2.0,3.2100000000000004
311,6.0,0.0,2.0,3.0000000000000004
312,6.0,1.0,1.833333333333333,3.25
313,5.0,1.5,0.0,2.45
314,4.0,2.0,2.0,2.8000000000000003
315,4.0,3.0,2.0,3.1
316,5.6,1.5,1.833333333333333,3.2399999999999993
317,5.6,1.5,2.6666666666666665,3.4899999999999993
318,5.6,1.5,0.5,2.8399999999999994
319,6.0,6.0,0.0,4.2
320,6.0,6.0,0.0,4.2
321,5.0,1.5,2.0,3.0500000000000003
322,6.0,0.0,0.0,2.4000000000000004
323,5.6,1.5,1.833333333333333,3.2399999999999993
324,5.4,0.5,0.666666666666667,2.5100000000000002
325,6.0,1.5,1.833333333333333,3.4000000000000004
326,6.0,6.0,0.0,4.2
327,5.0,5.0,1.0,3.8
328,4.0,4.0,2.0,3.4
329,3.0,3.0,3.0,3.0
330,2.0,2.0,4.0,2.5999999999999996
331,2.0,2.0,4.0,2.5999999999999996
332,3.0,3.0,3.0,3.0
333,4.0,4.0,2.0,3.4
334,5.6,1.5,1.5,3.1399999999999997
335,5.6,1.5,1.5,3.1399999999999997
336,5.2,1.5,1.0,2.83
337,5.6,1.5,1.0,2.9899999999999993
338,6.0,0.0,0.0,2.4000000000000004
339,5.0,1.0,1.0,2.5999999999999996
340,4.0,2.0,2.0,2.8000000000000003
341,3.0,3.0,3.0,3.0
342,2.0,2.0,4.0,2.5999999999999996
343,6.0,3.0,1.0,3.6
344,6.0,1.5,4.333333333333333,4.15
345,3.6,2.5,2.5,2.9400000000000004
346,6.0,6.0,0.0,4.2
347,5.0,5.0,1.0,3.8
348,4.0,4.0,2.0,3.4
349,3.0,3.0,3.0,3.0
350,2.0,2.0,4.0,2.5999999999999996
351,1.0,1.0,5.0,2.2
352,5.6,1.5,0.5,2.8399999999999994
353,5.2,1.5,1.333333333333333,2.93
354,5.6,2.0,0.33333333333333304,2.94
355,6.0,6.0,3.0,5.1
356,5.6,2.0,1.666666666666667,3.34
357,5.6,1.5,0.5,2.8399999999999994
358,5.4,1.0,0.0,2.46
359,5.6,1.0,0.5,2.6899999999999995
360,6.0,6.0,0.0,4.2
361,6.0,6.0,0.0,4.2
362,5.6,1.25,1.0,2.9149999999999996
363,6.0,0.5,2.5,3.3000000000000003
364,5.8,0.5,0.5,2.6199999999999997
365,5.4,0.5,0.5,2.46
366,5.4,1.5,0.5,2.7600000000000002
367,6.0,6.0,0.0,4.2
368,6.0,6.0,0.0,4.2
369,6.0,1.0,1.833333333333333,3.25
370,5.0,1.0,0.0,2.3
371,6.0,0.5,0.33333333333333304,2.6500000000000004
372,5.6,1.25,2.0,3.215
373,6.0,0.0,0.33333333333333304,2.5000000000000004
374,5.8,2.75,1.0,3.4449999999999994
